Bio_DB D3S1258 1 D3S1258 2 TH01 1 TH01 2 D21S11 1 D21S11 2 D18S51 1 D18S51 2 Penta_E 1 Penta_E 2 D5S818 1 D5S818 2 D13S317 1 D13S317 2 D7S820 1 D7S820 2 D16S539 1 D16S539 2 CSF1P0 1 CSF1P0 2 Penta_D 1 Penta_D 2 vWA 1 vWA 2 D8S1179 1 D8S1179 2 TPOX 1 TPOX 2 FGA 1 FGA 2
2 17 18 9 9 29 30 14 18 11 12 11 12 11 11 11 11 11 11 9 10 9 12 17 18 10 13 8 11 22 22
7 16 17 9 9 29 32.2 14 16 12 15 10 13 8 10 10 11 11 14 10 12 10 13 16 18 12 14 8 11 24 24
8 15 17 6 9 29 32.2 15 16 20 20 10 11 8 10 8 9 11 12 11 12 12 13 18 19 11 15 8 11 24 25
10 16 16 9 9 31.2 33.2 16 16 11 11 10 11 8 8 11 12 9 10 11 12 9 9 14 14 12 14 8 12 20 24
11 15 18 7 9 29 32.2 14 17 10 16 11 13 8 10 11 11 9 12 12 13 12 13 18 19 10 12 8 8 19 24
12 15 16 7 9 29 31 14 14 11 14 11 12 11 11 11 11 9 12 9 12 6 7 14 18 13 13 8 11 23 24
13 15 15 7 9 29 30 13 18 5 15 11 11 9 12 10 12 9 13 12 14 11 14 17 18 11 14 8 11 22 23
14 15 16 7 9.3 30 30 16 17 5 17 7 10 8 11 11 12 9 11 12 12 9 9 16 18 11 13 8 9 21 24
15 17 17 6 9 29 29 13 19 14 18 13 13 11 13 8 11 10 11 10 12 13 14 18 19 13 16 11 12 21 23
16 14 16 6 9 29 29 15 19 14 19 11 12 8 8 11 11 13 14 13 14 10 11 14 14 10 15 8 11 24 25
17 15 15 6 8 29 30 14 14 12 19 11 12 10 10 12 12 11 11 10 10 9 10 14 17 14 15 8 9 18 18
18 17 17 7 10 29 32 14 14 13 18 12 14 8 12 10 13 9 10 11 11 9 11 14 15 10 13 8 8 22 24
19 16 16 7 9 32.2 32.2 13 15 11 18 11 12 11 12 10 11 11 14 11 12 7 12 14 17 15 15 8 9 18 22
20 15 16 9 10 29 29 15 18 11 19 9 12 9 12 10 11 10 13 10 10 9 14 14 17 13 13 8 11 19 24
21 15 17 8 10 28 32.2 12 14 19 20 12 12 8 11 10 10 10 11 11 11 13 14 17 17 13 15 8 9 19 20
25 16 17 7 7 30 31.2 14 19 11 12 9 11 11 12 11 12 9 9 11 11 8 9 18 18 11 16 8 8 22 23
26 16 17 9 10 29 30 13 16 11 23 10 11 8 11 8 8 11 12 11 12 10 12 16 17 13 14 8 11 22 23
27 15 16 7 9 29 33.2 16 17 14 15 10 13 11 13 8 8 12 12 10 11 9 13 16 16 12 15 8 11 22 24
28 16 17 9 9.3 30 33 13 14 16 18 10 11 10 12 8 12 12 13 11 12 9 13 14 14 10 16 8 8 22 24
29 15 16 7 9.3 29 29 15 16 12 13 11 12 8 9 11 12 9 11 10 12 13 13 14 14 13 16 8 8 21 23
30 15 17 7 7 30 31 16 16 15 15 10 11 8 12 11 13 11 13 10 12 10 13 14 17 10 13 8 12 24 26
31 15 17 6 9 28 32.2 15 15 11 17 11 11 9 11 8 11 12 12 10 10 9 12 16 16 10 11 8 8 21 24
33 16 16 9 9 32.2 32.2 12 15 11 15 12 13 8 11 10 13 10 13 10 12 10 11 18 18 12 15 9 9 19 21
34 17 19 6 9 30 32.2 14 14 11 16 12 13 8 8 10 11 9 10 12 12 9 11 19 19 13 15 8 11 22 24
35 15 17 7 9 29 29 19 20 9 12 12 12 9 12 10 11 11 13 11 11 10 12 18 18 15 15 8 12 19 25
36 17 17 6 9 28 29 15 21 12 17 9 11 8 8 8 10 9 13 10 12 10 15 14 18 10 13 8 8 26 26
37 16 16 6 9 30 31.2 13 15 11 18 11 12 10 11 10 11 9 12 11 12 10 12 14 17 15 15 8 9 18 22
38 15 17 6 7 31.2 33.2 13 18 11 15 10 13 8 8 10 11 9 11 10 10 8 9 16 18 13 14 8 9 22 22
39 16 16 6 9 30 32.2 16 17 5 11 11 13 9 11 11 12 9 12 12 12 9 10 14 17 12 15 8 8 21 23
40 17 18 7 9 28 28.2 15 23 11 16 9 12 11 12 8 11 13 13 12 12 8 9 17 18 10 13 8 8 22 23
42 15 17 7 7 30 30 15 21 5 21 12 14 8 8 11 12 9 9 10 11 9 10 14 17 13 13 8 9 18 20
43 17 17 7 7 31.2 32.2 14 20 17 18 10 13 8 10 11 11 9 12 7 12 10 10 17 19 14 16 8 8 19 20
44 16 17 7 9 28 29 13 16 11 17 10 12 8 10 8 12 9 11 9 12 9 10 16 18 10 15 11 12 24 25
45 17 17 7 9 31.2 31.2 13 15 15 17 11 12 8 8 8 12 11 12 11 11 12 13 17 18 11 15 8 11 19 22
46 15 17 6 6 29 31.2 13 16 12 21 11 13 9 12 10 12 10 12 10 11 11 13 14 19 11 16 8 11 22 24
47 16 17 9 10 30 31.2 18 19 14 20 10 12 8 11 9 11 10 12 11 12 10 11 16 18 12 14 11 11 22 22
48 16 17 6 10 30 32.2 12 13 11 17 10 11 9 13 12 12 9 9 12 12 11 12 17 18 12 14 11 11 22 24
49 15 17 9 9.3 29 31 13 16 17 19 10 11 8 8 9 12 9 9 12 12 9 11 18 18 12 15 9 11 24 24
50 15 18 7 9.3 28 31.2 13 14 12 13 11 11 9 10 10 13 9 13 10 11 9 9 17 18 15 16 8 11 24 26
51 16 16 6 7 28 29 13 15 5 13 10 10 8 11 8 10 11 11 11 12 11 12 16 16 11 16 8 9 24 25.2
53 15 15 7 7 30 31 13 14 11 13 10 10 9 13 10 11 9 13 11 12 9 12 16 18 12 16 8 8 22 24
54 16 17 7 9 28 30 14 16 12 22 10 13 8 8 9 11 11 11 10 11 10 11 17 17 10 12 8 11 21 24
55 15 15 9 9 30 30 13 16 5 12 7 12 8 11 8 11 9 9 11 12 8 9 17 18 13 14 8 11 22 23
56 14 16 9 9 29 32.2 12 16 12 18 9 13 8 11 8 9 9 9 11 12 10 11 14 17 13 16 9 10 18 25
57 14 16 7 7 28 29 12 18 5 11 11 13 10 11 9 11 9 9 11 11 10 11 14 16 14 18 8 11 21 26
58 15 15 7 9 29 32.2 16 17 10 15 10 11 8 13 9 13 10 11 10 12 9 9 14 17 12 13 9 11 23 24
59 16 17 6 9.3 31.2 32.2 14 15 5 16 11 13 8 12 11 13 9 9 12 13 9 10 17 19 10 15 8 12 23 24
60 15 18 8 9 30 31 15 16 12 17 12 13 8 12 11 12 9 11 10 12 9 13 16 18 12 13 8 12 24 26
61 15 18 7 9 29 30 14 24 12 17 11 11 8 11 8 12 9 14 10 12 8 11 16 18 13 15 8 8 21 24
62 16 17 9 9 30 31 15 20 15 18 10 11 8 12 10 11 9 9 12 12 11 11 14 16 11 13 8 9 24 24.2
63 15 16 6 9 29 31 12 15 15 15 10 12 8 12 11 12 9 9 10 10 8 8 14 15 13 15 8 11 23 23
65 16 16 7 9 30 30 15 16 15 19 9 12 8 8 8 12 12 14 12 12 9 10 14 19 15 15 8 12 23 25
66 16 17 9 9 30 33.2 15 17 11 15 11 11 9 10 10 11 9 14 11 12 9 9 14 17 11 13 8 8 22 24
67 15 17 9 9 29 32.2 16 17 5 16 10 11 9 10 11 12 11 11 10 12 12 14 15 16 10 14 9 11 22.2 25
68 14 17 9 9.3 30 30 15 16 14 16 10 12 8 8 11 12 10 12 9 10 11 12 14 17 14 15 9 11 19 24
69 17 17 7 10 29 32 14 14 13 18 12 14 8 12 10 13 9 10 11 11 9 11 14 15 10 13 8 8 22 24
70 15 16 9 9 29 30 16 16 11 12 13 13 8 10 8 11 9 11 11 12 9 13 14 18 10 11 8 11 22 25
71 15 15 9 9 30 33.2 15 19 11 12 12 13 11 13 8 10 9 9 10 12 7 12 16 18 13 14 8 11 21 25
72 15 17 7 9 32.2 32.2 12 21 11 13 11 12 7 9 11 12 13 13 10 14 11 13 14 17 11 14 8 11 23 24.2
74 16 17 9 10 29 31.2 14 18 12 15 10 11 11 13 8 10 11 13 9 10 11 12 14 18 13 14 9 11 22 24
75 16 17 7 9 29 32.2 13 15 8 11 11 11 12 13 11 12 9 9 12 12 8 9 16 18 11 17 9 11 22 24
76 16 16 9 9 28 30 19 23 14 20 12 12 8 9 8 12 9 11 10 12 9 9 14 19 14 14 9 10 22 24
77 15 15 7 9 32.2 32.2 14 19 16 16 11 11 8 9 10 11 9 11 10 11 9 9 14 16 11 11 8 9 24 26
78 16 16 9 9 29 30 11 16 11 11 11 12 8 12 11 11 9 10 11 12 11 12 14 17 12 14 8 11 22 25
79 15 16 7 9 29 30 15 16 5 14 10 12 8 8 8 13 11 12 9 11 9 12 14 18 14 16 8 11 21 24
80 15 16 6 7 31.2 34.2 13 14 11 19 10 11 10 11 8 11 9 11 12 12 12 13 14 14 12 15 11 11 20 26
81 15 17 9 9 29 31 16 16 11 15 10 12 11 11 8 11 9 10 10 11 9 11 19 19 11 15 8 11 19 26
82 14 16 7 9 30 31 15 15 11 13 9 11 8 10 8 11 11 12 10 10 8 14 14 18 13 15 8 8 20 23
83 15 17 7 9 30 31.2 13 17 10 11 10 11 9 11 8 12 9 10 10 11 9 9 16 18 15 16 8 11 19 24
84 15 17 7 7 30 32.2 13 17 17 17 10 12 8 10 11 12 12 12 10 14 9 9 18 18 11 12 8 11 19 21
85 15 16 7 9 29 30 13 18 14 17 11 11 10 11 10 10 11 12 10 11 9 14 14 16 13 13 9 11 19 21
86 15 16 9 9 29 29 12 22 11 12 9 11 11 12 10 11 9 13 10 11 9 13 16 19 12 14 8 8 21 24
87 15 15 9 9 30 32.2 14 22 11 20 12 13 9 11 9 11 9 12 10 12 9 14 17 18 13 13 8 11 23 23
88 17 17 7 10 29 31.2 14 17 11 18 13 13 11 13 9 11 13 13 10 13 10 12 16 18 13 14 8 11 21 23
89 17 18 9 10 30 32.2 13 15 11 14 9 10 10 11 9 11 11 12 10 12 11 13 14 16 11 14 8 8 23 24
90 15 17 6 6 30.2 31.2 14 19 12 18 9 12 8 12 8 11 11 11 9 11 9 10 17 18 11 13 8 8 19 21
91 15 15 6 9 29 29 14 19 11 16 10 10 9 12 11 12 9 13 11 11 8 13 16 18 10 17 8 11 21 22
92 15 16 7 9 28 32.2 15 16 11 12 10 12 8 9 8 9 12 13 11 12 9 10 14 16 11 14 11 11 22 25
93 16 17 9 9 30 30 13 14 5 14 11 13 10 11 8 12 9 9 12 13 8 9 16 17 10 13 8 11 23 26
94 16 16 7 9 29 32.2 13 15 5 16 11 11 8 9 10 10 9 12 11 12 10 13 16 18 11 13 8 10 21 24
95 17 17 6 7 29 31 14 15 9 19 10 13 8 12 8 11 10 13 11 12 11 12 16 17 11 12 8 11 21 25
96 17 18 6 8 30 30 15 15 11 20 12 12 8 12 12 12 11 12 10 11 7 12 14 16 10 11 9 11 23 24
97 17 18 6 9 29 31 14 15 11 12 10 12 8 12 10 12 10 11 10 12 9 11 14 14 14 14 8 11 21 22
98 16 17 6 9 27 31.2 13 16 12 22 12 12 11 12 10 10 11 11 13 13 9 11 14 14 12 15 11 11 25 27
99 15 18 6 7 28 32.2 14 14 15 18 11 12 9 11 9 10 9 12 12 13 11 11 17 19 10 12 8 11 21 23
100 16 16 7 9 29 29 13 16 9 11 11 12 12 12 9 10 11 12 11 11 9 10 18 18 14 15 8 8 22 23
102 15 17 7 9 29 33.2 16 21 16 16 12 13 11 12 9 10 9 10 10 12 9 13 14 18 13 15 8 8 25 26
103 15 16 7 9 29 32.2 14 16 11 20 9 11 8 12 11 12 9 12 12 12 9 9 14 18 14 16 8 11 20 22
104 16 17 6 7 29 32 15 15 12 14 11 12 9 13 11 11 11 12 11 12 9 13 16 16 11 13 8 8 22 23
106 16 18 6 6 30 33.2 15 16 12 13 11 11 8 11 8 9 11 12 12 12 10 11 14 16 14 15 8 8 22 26
107 15 15 7 8 30 30 14 16 14 17 11 12 8 11 11 11 10 12 10 13 8 8 14 16 10 11 8 8 20 24
108 15 15 9 9 29 29 13 16 11 11 10 10 11 11 11 11 9 13 12 12 8 9 15 15 14 15 8 8 20 21
109 15 18 7 9 30 31 13 15 13 18 10 12 8 10 11 12 9 11 10 12 10 11 16 18 12 15 10 12 20 25
110 15 16 7 7 31 32.2 13 17 14 18 11 11 10 11 10 11 9 12 11 11 9 9 15 16 10 15 8 10 21 24
111 15 18 8 9 29 29 14 14 11 17 11 12 10 13 12 13 11 12 11 12 9 9 16 17 14 16 8 11 22 23
112 16 17 7 9 28 29 14 14 14 18 11 12 12 12 9 11 9 13 11 11 9 12 18 18 14 15 8 11 23 25
113 16 17 7 7 30 30 13 13 11 22 10 11 8 12 11 12 11 11 11 12 9 14 14 17 10 13 8 9 21 23
114 16 17 6 7 29 30 16 21 11 19 13 13 10 12 10 12 11 12 10 12 10 12 14 18 12 16 8 11 19 25
115 15 16 8 9 31 31.2 14 15 12 17 7 13 8 10 9 12 12 13 11 11 10 11 16 18 13 16 8 8 21 23
116 15 18 7 9 29 31.2 14 14 14 15 10 12 9 10 10 11 10 13 12 12 8 10 17 18 10 11 8 8 22 23
117 15 16 7 9 31.2 32 12 14 11 15 9 12 8 12 10 12 12 12 9 12 9 10 18 19 12 13 8 11 19 22
118 15 16 8 9 31 32.2 13 17 18 22 11 11 9 10 11 11 9 10 10 12 10 11 16 17 15 16 8 11 24 25
119 15 16 9 10 32.2 32.2 12 15 18 20 9 11 9 11 8 12 9 10 11 11 9 11 17 18 11 12 8 8 22 23
120 15 17 9 9 28 31 15 16 10 11 11 12 8 14 11 11 11 11 12 13 11 12 14 18 12 14 8 9 18 26
121 16 17 8 9 31 32.2 13 15 12 12 11 12 8 9 10 12 9 11 12 12 9 9 14 19 11 13 11 11 21 25
122 15 16 9 9 32 32.2 13 22 13 17 9 10 11 11 8 12 9 11 12 13 10 13 14 14 11 13 8 8 23 26
123 15 17 7 7 32.2 32.2 20 20 15 20 13 13 9 12 9 12 11 12 10 10 11 11 18 19 11 16 8 8 22 22
125 15 17 6 7 30 31 13 21 11 20 11 13 9 12 12 12 11 11 10 13 10 11 17 17 13 15 8 8 19 24
126 15 17 9 10 30 30 12 15 9 15 10 12 9 12 12 12 9 11 10 10 7 13 14 18 10 16 8 11 21 23
127 15 17 9 10 29 29.2 13 13 14 19 11 11 9 11 11 11 11 11 9 11 9 12 17 18 10 13 8 12 21 23
128 16 17 7 10 28 30 15 16 19 21 11 11 9 12 11 12 11 12 12 12 9 10 13 15 11 13 8 9 20 21
129 15 16 9 9 32 32.2 13 15 12 16 12 12 10 11 8 10 11 12 10 12 9 13 14 19 10 13 8 9 23 24
130 15 17 7 7 29 30 16 16 12 17 11 12 9 10 8 11 9 12 11 12 11 12 16 17 12 15 8 11 22 25
131 15 16 9 9 29 33.2 14 19 8 17 11 12 8 9 8 10 11 14 11 12 9 11 16 16 13 14 8 8 22 28
132 15 16 7 9 29 30 15 19 14 21 10 10 8 12 8 12 12 13 12 13 9 12 17 17 11 12 9 11 24 25
133 15 17 6 9 30 30 15 16 11 20 11 13 9 11 8 12 11 11 10 11 9 14 14 16 10 16 9 11 24 25
134 17 18 6 9 30 30 16 16 11 18 12 13 10 11 10 12 9 10 10 12 9 10 14 17 11 13 8 9 21 21
136 15 16 7 9 31.2 32.2 15 15 11 17 10 11 9 11 10 11 10 10 10 13 11 13 14 16 11 12 11 13 22 25
137 16 18 9 10 30 31 14 15 9 18 10 12 11 12 11 11 11 12 10 11 12 13 17 18 10 13 8 8 21 26
138 16 17 7 9 30 32.2 14 16 11 15 9 10 9 11 10 11 9 9 10 12 9 11 14 14 14 15 8 11 22 22
139 15 17 7 7 31.2 32.2 13 15 12 19 11 11 8 8 11 12 9 11 11 11 9 11 17 17 11 12 8 11 20 26
140 16 16 8 9 30 32.2 12 15 16 17 7 13 8 11 11 11 10 13 9 12 12 13 14 14 13 15 8 11 22 22
141 16 17 8 9 29 32 14 16 11 12 11 13 8 10 12 12 11 14 11 11 9 12 14 14 12 12 8 8 25 25
142 14 16 7 7 28 30 14 19 15 22 10 10 8 12 8 11 11 12 12 13 9 12 14 18 10 15 8 8 22 25
143 14 16 7 9 30 30 12 16 14 19 11 11 10 11 10 11 9 9 11 12 9 11 14 16 14 15 8 9 19 19
144 15 15 6 7 29 30 15 17 12 17 11 11 8 9 10 11 11 11 10 11 9 13 14 18 12 13 8 8 23 24
145 15 16 7 7 29 30 14 14 12 18 12 12 11 11 12 13 8 12 11 12 9 12 18 19 10 14 8 10 21 23
146 15 16 9 9 30 33.2 13 21 5 23 7 11 8 11 8 11 9 12 11 12 11 13 16 18 12 15 8 8 22 24
147 15 16 7 9 29 30 13 17 11 16 10 12 8 9 11 11 11 12 10 11 9 9 17 20 10 15 8 8 25 25
148 15 15 6 7 30 31.2 14 16 15 23 10 11 8 9 11 12 10 13 12 13 9 12 18 19 10 12 8 9 23 24
149 15 17 7 9.3 29 32.2 14 15 15 18 10 13 8 11 8 12 11 12 12 12 11 12 14 20 12 16 8 9 21 23
151 15 16 6 10 31 32 17 18 10 12 12 13 8 9 11 11 11 11 10 13 9 11 17 17 10 14 8 9 22 23
152 17 17 6 7 30 30 15 16 10 17 10 11 9 9 9 11 9 11 10 13 10 11 15 18 15 16 8 10 23 24
153 15 17 9 9 29 33.2 14 18 11 12 11 12 8 8 11 11 11 12 10 12 10 13 16 19 13 16 8 11 21 26
154 15 18 9 10 30 31 14 14 10 17 11 13 8 8 10 11 11 12 10 12 10 11 15 18 12 14 9 11 22 23
155 14 16 7 10 28 31.2 13 18 5 18 10 10 9 12 8 11 9 13 10 12 9 9 14 16 12 14 8 11 22 24
156 17 17 7 9 31 31 18 18 5 21 12 12 11 12 10 10 9 13 10 12 10 10 15 15 10 14 11 11 22 25
157 16 17 7 10 30 30 13 15 10 15 9 11 9 11 10 11 11 13 11 13 10 11 14 15 11 13 8 8 23 24
158 16 16 7 9 30 30 15 15 10 19 11 12 11 13 8 12 10 13 9 11 9 11 14 18 14 14 8 9 24 24
159 16 17 7 9.3 30 31.2 13 15 15 19 11 13 8 10 9 11 11 12 12 12 9 9 14 14 10 13 8 11 22 23
160 14 16 6 7 29 32 17 19 11 11 10 11 11 12 10 11 12 13 12 12 9 9 14 17 11 13 8 11 21 22
161 15 17 7 9 29 33.2 13 14 5 16 12 13 9 11 11 11 9 9 12 14 9 13 14 18 10 14 8 8 21 25
162 16 17 9 9 29 32.2 12 15 11 12 10 11 8 11 8 10 9 11 12 12 10 12 14 17 12 14 8 9 21 22
163 15 16 6 7 29 31 13 14 11 11 10 12 8 12 8 11 10 11 11 11 9 10 15 17 14 14 8 8 19 26
164 15 15 7 10 30 31 14 21 12 18 10 11 8 8 8 12 10 11 11 14 9 11 17 19 10 10 8 8 18 18
166 16 16 7 8 29 30 14 14 13 14 10 12 10 12 8 11 12 13 10 11 9 12 17 19 10 12 10 11 24 25
167 15 15 6 9 29 33 14 18 12 12 10 11 8 8 10 12 10 11 7 12 9 12 15 19 13 15 8 11 23 24
168 16 16 7 9 28 30 11 14 16 17 11 11 8 8 10 12 11 13 11 11 9 9 14 18 11 15 8 8 19 24
169 15 18 7 7 29 33.2 14 17 13 20 12 13 12 12 11 12 9 9 12 12 8 9 15 20 12 14 8 11 18 26
170 18 18 7 9 30 31.2 15 15 12 18 10 11 8 9 10 13 9 12 11 12 11 15 16 16 11 12 8 8 23 24.2
171 18 18 9 10 30 32 14 19 11 12 9 13 8 11 8 11 9 12 12 12 12 13 16 17 12 13 8 8 25 25
172 16 17 9 9 29 31.2 14 15 11 14 11 12 10 11 10 11 9 12 12 12 9 11 14 17 10 13 8 11 21 23
173 15 16 7 7 28 32.2 14 17 11 11 10 11 8 10 10 11 9 11 11 11 11 14 14 15 14 15 8 8 22 23
174 15 16 9 9 29 31.2 16 17 5 15 9 11 8 8 8 11 11 13 10 12 9 9 14 15 14 15 8 11 23.2 24.2
175 16 16 6 9 30 32.2 14 21 13 18 9 14 12 12 9 10 10 11 10 10 9 10 14 18 11 12 8 11 18 23
177 15 17 6 9 29 30 20 21 17 18 10 11 8 8 8 11 12 12 12 12 9 13 14 16 15 15 8 11 21 25
178 16 19 7 9 29 29 13 21 20 20 10 13 8 12 11 12 12 12 9 10 9 10 14 17 10 10 11 11 23 24
179 16 16 6 7 30 31 12 18 11 14 11 13 12 13 11 12 11 13 10 12 12 12 17 20 10 13 11 11 20 22
180 17 17 7 9 31 32.2 13 16 10 17 10 12 8 11 9 13 9 13 10 12 9 10 14 14 11 12 8 8 18 25
181 14 16 7 9.3 30 32.2 13 15 9 21 13 13 8 10 11 11 11 14 11 12 8 9 15 19 11 13 8 11 22 22
185 15 15 9 9.3 31.2 32.2 15 16 10 21 10 11 8 10 11 11 9 12 10 11 9 12 14 17 10 15 8 8 21 23
186 15 15 7 9 30 30 15 15 11 15 10 11 10 11 11 11 9 9 11 12 8 11 16 16 14 15 8 11 23 25
187 15 16 6 9 30 32.2 13 20 11 15 11 11 8 8 12 12 10 11 11 12 11 12 16 17 13 13 9 11 21 23
188 15 16 9 9 30 32.2 13 15 10 13 11 12 8 10 11 11 10 12 9 10 9 12 17 19 12 12 8 10 19 20
189 16 17 9 9 29 29 13 24 18 19 9 10 11 11 9 11 10 13 10 11 9 12 14 16 15 15 8 11 23 24
190 17 18 7 9.3 29 30 14 16 5 14 11 12 9 11 11 11 9 10 10 11 9 11 19 19 11 11 8 9 21 27
191 15 16 7 9 29 30 13 17 11 16 10 12 8 9 11 11 11 12 10 11 9 9 17 20 10 15 8 8 25 25
192 16 17 9 9 29 32.2 12 15 11 12 10 11 8 11 8 10 9 11 12 12 10 12 14 17 12 14 8 9 21 22
193 14 16 7 10 28 31.2 13 18 5 18 10 10 9 12 8 11 9 13 10 12 9 9 14 16 12 14 8 11 22 24
194 16 17 7 10 30 30 13 17 10 12 13 13 9 10 10 11 10 14 10 12 9 10 14 16 15 16 11 11 22 22
195 15 16 7 9 27 30 19 20 15 19 12 13 10 11 11 11 9 11 10 12 9 14 14 17 10 16 8 8 19 22.2
196 16 17 6 7 29 30 16 16 15 15 10 10 9 13 12 12 9 10 9 10 9 12 14 19 14 15 8 11 23 24
197 16 17 6 9 29 32.2 15 18 11 13 10 12 9 10 8 13 9 9 10 10 8 10 17 18 13 14 8 11 20 21
198 15 16 9 9 29 31.2 16 20 12 20 11 12 8 10 11 12 11 12 10 11 8 9 16 17 13 16 8 11 24.2 26
199 15 17 9 9 30 30 15 17 14 19 9 11 8 9 9 11 10 10 11 12 7 10 16 17 12 13 8 8 23 24
200 15 17 7 9 30 30 13 14 15 17 11 13 10 12 8 11 9 14 12 15 11 13 17 17 13 14 8 8 23 24
201 15 16 7 9 30 31 14 16 5 15 10 11 8 9 8 11 9 13 11 12 9 9 15 16 14 16 8 11 21 25
202 14 15 7 9 29 30 15 15 11 12 11 11 8 12 11 12 11 11 11 12 8 11 14 17 12 14 8 9 22 22
203 17 18 7 9.3 30 32 13 14 11 13 10 12 12 13 8 10 9 13 11 12 8 13 16 18 11 14 9 11 20 23
204 16 16 7 7 31 32.2 13 13 13 18 13 13 9 12 11 12 11 12 10 10 11 12 14 15 14 15 8 8 21 23
205 15 16 7 8 29 30 16 16 11 14 11 12 8 10 11 11 9 9 11 11 9 13 16 19 10 11 8 8 20 24
206 17 17 7 10 30 30 15 16 10 18 10 13 8 8 8 11 9 9 9 11 12 12 15 18 11 12 8 8 21 21
207 17 17 7 9 29 31 14 15 14 15 10 10 10 10 10 11 11 11 11 11 9 11 17 19 13 14 8 8 22 23
208 15 18 9 9 30 32.2 11 17 13 13 10 12 7 8 11 11 9 11 11 12 8 14 16 17 12 13 8 8 23 24.2
209 14 15 8 8 29 32.2 15 16 10 14 10 11 7 12 9 11 12 13 10 12 11 11 14 16 11 15 8 11 21 22
210 15 17 7 7 28 30 13 16 17 19 12 12 10 12 11 11 10 11 10 11 13 15 16 17 13 14 8 10 22 24
211 16 17 7 8 30 30 17 20 11 13 10 12 8 11 11 12 10 12 10 12 12 15 16 17 10 13 8 9 21 23
212 15 17 9 9 30 30 14 21 11 17 11 11 8 8 11 11 9 12 10 11 9 9 14 17 12 15 8 8 21 23
213 15 17 7 9 28 30 15 16 11 16 11 12 8 10 8 11 9 10 11 11 9 9 17 19 12 13 9 11 22 24
214 17 18 6 9 30 30 14 22 12 13 10 11 8 10 11 11 9 11 10 12 12 13 14 14 14 16 8 11 20 23
216 15 18 7 9 29 32.2 12 15 14 18 12 12 8 9 9 11 11 12 9 11 8 9 18 20 15 16 8 11 22 24
217 16 16 7 9 30 33.2 14 22 10 10 11 11 11 12 8 11 10 11 9 11 10 11 18 20 10 14 8 8 21 23
